9

3
A
B
C
1 2 3

3
A
B
C
1 3 2

3
A
B
C
2 1 3

3
A
B
C
2 3 1

3
A
B
C
3 1 2

3
A
B
C
3 2 1

3
A
B
C
1 2 3
1 2 3
1 2 3
2 1 3
2 1 3
2 1 3
2 1 3
3 1 2
3 1 2

20
A
B
C
D
E
F
G
H
I
J
K
L
M
N
O
P
Q
R
S
T
1 2 3 4 5 6 7 8 9 10 11 12 13 14 15 16 17 18 19 20

3
A
B
C
2 1 3
1 2 3
3 2 1
1 2 3
2 1 3
2 1 3
3 2 1
2 1 3
3 1 2
3 2 1
3 2 1
2 3 2
3 2 1
2 3 2
3 1 2
1 3 2
1 3 2
2 1 3
1 2 3
2 1 3
2 1 3
1 2 3
1 2 3
3 2 1
2 3 2
3 2 1
3 2 1
1 3 2
2 1 3
3 1 2
1 3 2
1 3 2
3 2 1
2 3 2
1 2 3
3 2 1
1 2 3
3 1 2
3 2 1
2 1 3
1 3 2
1 3 2
3 1 2
1 3 2
1 2 3
1 2 3
2 3 2
3 1 2
1 2 3
1 2 3
1 2 3
3 1 2
2 3 2
1 2 3
1 2 3
1 3 2
3 1 2
1 2 3
3 2 1
1 3 2
1 2 3
2 1 3
3 1 2
1 3 2
3 1 2
1 3 2
3 2 1
1 2 3
1 2 3
1 3 2
3 1 2
3 2 1
2 1 3
1 3 2
2 1 3
3 2 1
1 3 2
3 1 2
2 3 2
1 3 2
1 2 3
2 1 3
2 3 2
2 3 2
3 2 1
3 1 2
1 3 2
1 2 3
1 2 3
1 3 2
2 1 3
3 2 1
1 2 3
1 2 3
1 3 2
2 3 2
1 2 3
2 1 3
1 2 3
1 3 2
3 2 1
1 3 2
2 3 2
1 3 2
3 1 2
1 2 3
1 3 2
2 1 3
1 3 2
2 3 2
3 2 1
1 2 3
2 3 2
1 2 3
3 1 2
2 1 3
2 1 3
1 2 3
3 2 1
2 1 3
2 3 2
2 3 2
2 1 3
3 2 1
1 2 3
1 2 3
2 1 3
1 2 3
3 2 1
1 3 2
1 2 3
3 1 2
2 3 2
1 2 3
2 3 2
1 2 3
2 3 2
3 1 2
3 2 1
1 2 3
1 2 3
2 1 3
1 3 2
2 3 2
2 3 2
1 3 2
3 1 2
1 2 3
3 1 2
2 3 2
2 1 3
1 3 2
3 2 1
1 3 2
2 3 2
2 3 2
1 2 3
2 1 3
2 1 3
2 1 3
3 1 2
3 2 1
1 3 2
2 3 2
1 2 3
2 3 2
2 3 2
1 3 2
1 2 3
1 2 3
1 3 2
2 3 2
1 2 3
3 2 1
2 3 2
2 3 2
1 3 2
1 2 3
2 3 2
1 2 3
1 3 2
1 3 2
1 3 2
1 3 2
2 3 2
1 3 2
2 3 2
2 3 2
1 3 2
3 2 1
1 2 3
1 2 3
1 3 2
3 1 2
1 3 2
2 3 2
2 1 3
2 1 3
3 2 1
2 3 2
1 3 2
2 1 3
2 3 2
1 3 2
2 1 3
1 2 3
1 2 3
2 1 3
3 2 1
1 3 2
1 2 3
1 2 3
1 2 3
1 2 3
3 1 2
2 3 2
1 3 2
3 2 1
1 2 3
3 1 2
2 3 2
3 2 1
2 3 2
2 1 3
1 3 2
2 3 2
2 3 2
3 1 2
1 2 3
1 3 2
2 1 3
2 3 2
3 2 1
1 3 2
3 1 2
1 2 3
2 3 2
1 3 2
2 3 2
1 2 3
3 1 2
1 3 2
1 3 2
1 2 3
3 1 2
2 1 3
2 1 3
1 2 3
1 2 3
2 3 2
2 1 3
3 2 1
3 2 1
1 2 3
3 1 2
3 1 2
3 2 1
1 3 2
1 2 3
1 3 2
3 1 2
1 2 3
1 3 2
2 1 3
1 3 2
1 2 3
1 3 2
1 2 3
1 2 3
1 2 3
1 2 3
1 2 3
3 1 2
1 3 2
3 1 2
1 2 3
1 2 3
1 2 3
2 1 3
3 1 2
2 3 2
1 2 3
1 2 3
2 3 2
1 2 3
2 3 2
2 3 2
3 2 1
3 2 1
1 3 2
3 1 2
3 2 1
1 3 2
3 1 2
1 2 3
1 2 3
3 2 1
3 2 1
1 2 3
3 1 2
3 2 1
1 3 2
1 2 3
1 2 3
1 3 2
1 3 2
2 3 2
3 2 1
1 2 3
1 2 3
1 2 3
3 1 2
3 2 1
3 1 2
1 2 3
3 1 2
1 3 2
3 1 2
3 1 2
3 2 1
2 3 2
1 3 2
1 2 3
1 3 2
2 1 3
3 2 1
2 1 3
2 1 3
2 1 3
2 1 3
3 1 2
1 3 2
1 2 3
1 3 2
1 3 2
1 2 3
3 1 2
1 3 2
1 2 3
1 2 3
1 3 2
3 2 1
1 3 2
1 2 3
1 2 3
1 3 2
1 3 2
3 1 2
1 3 2
1 3 2
1 3 2
3 1 2
1 2 3
3 1 2
3 1 2
3 2 1
1 2 3
3 1 2
2 3 2
2 1 3
1 2 3
2 3 2
2 3 2
1 2 3
1 2 3
1 3 2
1 3 2
2 3 2
1 3 2
1 2 3
2 3 2
1 2 3
3 1 2
3 2 1
1 3 2
1 2 3
1 3 2
3 2 1
1 3 2
1 2 3
1 3 2
1 3 2
1 3 2
2 1 3
2 1 3
2 1 3
2 3 2
3 1 2
1 2 3
2 1 3
3 1 2
1 3 2
1 2 3
1 2 3
3 2 1
2 1 3
1 3 2
3 1 2
3 1 2
3 1 2
1 2 3
1 3 2
2 1 3
3 2 1
1 2 3
2 3 2
3 1 2
3 2 1
3 2 1
3 2 1
1 2 3
1 2 3
3 1 2
1 2 3
1 3 2
1 2 3
1 2 3
1 2 3
2 3 2
2 3 2
3 1 2
2 1 3
1 2 3
3 1 2
1 3 2
1 3 2
1 3 2
1 2 3
1 2 3
3 1 2
3 2 1
2 3 2
2 3 2
3 2 1
1 2 3
2 1 3
1 2 3
1 3 2
1 2 3
3 1 2
1 2 3
1 3 2
1 2 3
3 2 1
1 3 2
1 2 3
2 1 3
2 3 2
3 2 1
1 2 3
2 3 2
1 2 3
1 3 2
1 3 2
1 2 3
3 2 1
2 1 3
1 3 2
2 1 3
1 2 3
2 3 2
1 3 2
1 3 2
2 1 3
3 1 2
2 3 2
1 3 2
2 3 2
1 3 2
1 3 2
2 1 3
1 3 2
1 3 2
1 2 3
1 2 3
2 1 3
1 3 2
1 3 2
2 1 3
1 3 2
2 1 3
3 2 1
1 3 2
1 3 2
2 3 2
1 2 3
1 3 2
3 1 2
1 2 3
3 2 1
3 1 2
1 2 3
1 2 3
1 3 2
1 2 3
3 1 2
1 3 2
3 1 2
1 2 3
1 2 3
1 2 3
1 2 3
1 2 3
1 3 2
1 2 3
2 1 3
1 3 2
3 1 2
1 3 2
2 1 3
1 2 3
2 3 2
1 2 3
1 2 3
2 3 2
1 3 2
1 2 3
3 1 2
1 2 3
1 2 3
1 2 3
1 2 3
1 3 2
2 1 3
2 3 2
3 2 1
2 3 2
1 2 3
1 2 3
2 1 3
1 2 3
3 1 2
3 1 2
1 2 3
1 2 3
1 3 2
2 1 3
1 3 2
3 1 2
1 3 2
1 2 3
3 2 1
1 3 2
3 1 2
1 3 2
2 3 2
3 1 2
1 2 3
3 2 1
2 1 3
2 1 3
1 3 2
3 1 2
3 2 1
3 2 1
1 2 3
1 2 3
3 2 1
3 2 1
3 2 1
1 3 2
3 1 2
1 2 3
2 1 3
2 1 3
3 1 2
1 2 3
1 3 2
1 3 2
1 2 3
2 1 3
1 2 3
1 3 2
3 1 2
3 2 1
1 3 2
1 3 2
1 3 2
2 1 3
3 1 2
1 2 3
1 2 3
3 2 1
1 2 3
2 1 3
2 1 3
3 2 1
2 3 2
1 3 2
1 2 3
3 1 2
2 1 3
1 3 2
3 1 2
1 3 2
1 3 2
3 2 1
1 3 2
2 3 2
2 1 3
3 2 1
1 3 2
1 2 3
2 3 2
1 3 2
3 2 1
2 1 3
2 1 3
2 3 2
2 3 2
2 1 3
2 3 2
1 3 2
2 3 2
3 1 2
2 1 3
3 2 1
1 2 3
1 3 2
3 2 1
1 3 2
1 2 3
1 3 2
2 3 2
3 1 2
2 3 2
1 3 2
1 2 3
1 3 2
1 2 3
1 3 2
2 3 2
2 3 2
1 2 3
1 3 2
2 1 3
1 2 3
1 3 2
3 2 1
2 1 3
1 3 2
2 1 3
1 2 3
1 2 3
2 3 2
1 2 3
1 3 2
3 2 1
2 3 2
1 3 2
2 3 2
3 2 1
1 2 3
1 3 2
1 3 2
1 3 2
1 2 3
2 1 3
1 3 2
2 1 3
3 2 1
1 2 3
3 2 1
3 2 1
3 2 1
1 2 3
1 3 2
3 1 2
1 2 3
3 1 2
1 2 3
1 2 3
2 1 3
1 2 3
2 1 3
2 1 3
1 2 3
1 3 2
1 2 3
1 2 3
1 3 2
3 2 1
2 3 2
3 2 1
1 3 2
3 2 1
1 2 3
3 2 1
3 1 2
1 2 3
1 3 2
3 1 2
1 3 2
3 1 2
2 3 2
2 1 3
1 2 3
1 3 2
2 1 3
2 3 2
2 3 2
2 1 3
2 3 2
2 3 2
2 3 2
1 3 2
2 1 3
1 2 3
2 1 3
3 1 2
2 3 2
1 2 3
2 3 2
2 1 3
3 1 2
3 2 1
1 2 3
1 2 3
1 3 2
1 3 2
3 2 1
3 2 1
1 2 3
1 3 2
2 1 3
2 3 2
2 3 2
3 2 1
2 3 2
1 3 2
1 3 2
1 2 3
2 3 2
1 2 3
1 3 2
1 3 2
2 3 2
1 3 2
1 2 3
2 3 2
2 1 3
3 2 1
3 2 1
3 1 2
2 1 3
1 2 3
2 3 2
1 2 3
1 2 3
2 3 2
2 1 3
3 1 2
1 3 2
3 1 2
1 2 3
2 3 2
1 3 2
1 3 2
1 2 3
2 3 2
1 2 3
1 3 2
3 1 2
2 3 2
3 2 1
3 2 1
1 2 3
1 2 3
2 3 2
1 3 2
1 3 2
1 2 3
3 1 2
1 2 3
2 1 3
2 1 3
2 1 3
1 3 2
1 2 3
1 2 3
3 2 1
1 2 3
2 3 2
1 3 2
1 2 3
2 3 2
3 2 1
1 3 2
1 3 2
1 3 2
1 3 2
2 1 3
1 3 2
1 3 2
1 3 2
1 3 2
1 2 3
1 3 2
3 1 2
1 3 2
2 1 3
3 1 2
2 1 3
2 1 3
1 2 3
1 2 3
2 3 2
1 3 2
3 2 1
1 3 2
1 2 3
1 3 2
1 2 3
2 1 3
2 3 2
1 3 2
3 1 2
1 2 3
1 3 2
3 1 2
1 3 2
1 2 3
1 3 2
3 1 2
1 3 2
1 3 2
3 1 2
3 1 2
1 3 2
3 1 2
1 2 3
1 2 3
1 2 3
1 3 2
1 3 2
3 2 1
3 2 1
1 2 3
2 1 3
1 2 3
2 1 3
1 2 3
1 2 3
3 2 1
1 2 3
2 1 3
1 3 2
1 2 3
1 3 2
1 2 3
1 3 2
3 2 1
2 1 3
3 1 2
1 2 3
2 1 3
3 2 1
3 1 2
1 2 3
3 1 2
1 2 3
1 2 3
2 1 3
2 1 3
1 3 2
1 2 3
2 1 3
3 1 2
1 3 2
1 2 3
2 3 2
3 1 2
2 1 3
3 1 2
1 3 2
3 2 1
3 2 1
1 2 3
3 2 1
2 3 2
3 2 1
3 2 1
3 1 2
1 2 3
1 2 3
2 3 2
3 2 1
1 3 2
1 3 2
1 3 2
3 1 2
2 3 2
2 3 2
1 2 3
1 2 3
1 2 3
2 1 3
1 2 3
3 2 1
2 3 2
3 2 1
2 1 3
2 3 2
1 2 3
3 2 1
1 3 2
1 2 3
1 3 2
1 3 2
1 2 3
1 3 2
1 3 2
3 2 1
1 3 2
2 1 3
1 2 3
2 3 2
3 1 2
1 2 3
3 1 2
2 3 2
3 2 1
3 1 2
2 3 2
1 3 2
2 1 3
2 3 2
3 1 2
3 1 2
3 2 1
3 2 1
1 3 2
1 3 2
1 2 3
2 3 2
1 2 3
1 2 3
2 3 2
3 1 2
3 1 2
1 2 3
1 2 3
1 3 2
1 2 3
1 2 3
3 2 1
1 3 2
1 2 3
2 3 2
1 3 2
3 2 1
3 2 1
1 2 3
3 1 2
1 2 3
1 2 3
3 1 2
1 3 2
3 1 2
3 2 1
2 1 3
2 3 2
3 1 2
1 3 2
1 3 2
2 3 2
1 3 2
1 3 2
1 2 3
3 1 2
2 3 2
1 2 3
1 2 3
3 2 1
1 3 2
3 2 1
1 3 2
2 3 2
2 1 3
3 2 1
1 2 3
1 3 2
1 2 3
1 2 3
3 1 2
3 2 1
1 2 3
1 2 3
1 3 2
2 1 3
1 2 3
1 3 2
2 3 2
1 2 3
3 2 1
1 3 2
2 3 2
2 3 2
3 1 2
